{
 "cells": [
  {
   "cell_type": "code",
   "execution_count": 37,
   "metadata": {},
   "outputs": [
    {
     "data": {
      "text/html": [
       "<div>\n",
       "<style scoped>\n",
       "    .dataframe tbody tr th:only-of-type {\n",
       "        vertical-align: middle;\n",
       "    }\n",
       "\n",
       "    .dataframe tbody tr th {\n",
       "        vertical-align: top;\n",
       "    }\n",
       "\n",
       "    .dataframe thead th {\n",
       "        text-align: right;\n",
       "    }\n",
       "</style>\n",
       "<table border=\"1\" class=\"dataframe\">\n",
       "  <thead>\n",
       "    <tr style=\"text-align: right;\">\n",
       "      <th></th>\n",
       "      <th>id</th>\n",
       "      <th>is_iceberg</th>\n",
       "    </tr>\n",
       "  </thead>\n",
       "  <tbody>\n",
       "    <tr>\n",
       "      <th>0</th>\n",
       "      <td>5941774d</td>\n",
       "      <td>0.024709</td>\n",
       "    </tr>\n",
       "    <tr>\n",
       "      <th>1</th>\n",
       "      <td>4023181e</td>\n",
       "      <td>0.937371</td>\n",
       "    </tr>\n",
       "    <tr>\n",
       "      <th>2</th>\n",
       "      <td>b20200e4</td>\n",
       "      <td>0.073025</td>\n",
       "    </tr>\n",
       "    <tr>\n",
       "      <th>3</th>\n",
       "      <td>e7f018bb</td>\n",
       "      <td>0.997634</td>\n",
       "    </tr>\n",
       "    <tr>\n",
       "      <th>4</th>\n",
       "      <td>4371c8c3</td>\n",
       "      <td>0.038527</td>\n",
       "    </tr>\n",
       "  </tbody>\n",
       "</table>\n",
       "</div>"
      ],
      "text/plain": [
       "         id  is_iceberg\n",
       "0  5941774d    0.024709\n",
       "1  4023181e    0.937371\n",
       "2  b20200e4    0.073025\n",
       "3  e7f018bb    0.997634\n",
       "4  4371c8c3    0.038527"
      ]
     },
     "execution_count": 37,
     "metadata": {},
     "output_type": "execute_result"
    }
   ],
   "source": [
    "import pickle\n",
    "# https://www.kaggle.com/submarineering/submarineering-even-better-public-score-until-now\n",
    "#ens_file = 'all_xgb3rd_sub_fold_3_rnd_84_local_1251.csv' # 1244\n",
    "ens_file ='all_xgb3rd_sub_fold_3_rnd_42_local_1329.csv' # submit this one later and stacking result\n",
    "other_files = [\n",
    "    'vgg_new.csv', #1400\n",
    "    #'submission54.csv', #1326\n",
    "    '../results/cnn_1_aug_1_fold8.csv',\n",
    "    '../results/cnn_2_aug_1_fold8.csv',\n",
    "    '../results/cnn_3_aug_1_fold8.csv',\n",
    "    '../results/cnn_5_aug_1_fold8.csv',\n",
    "    #'../results/cnn_4_aug1_best_acc_sub.csv',\n",
    "    '../results/incept_aug1_sub.csv',\n",
    "    '../results/resnet_aug1_sub.csv',\n",
    "    '../results/xception_aug1_sub.csv',\n",
    "    '../results/vgg_aug1_sub.csv',\n",
    "    '../features/other_model_gbrt2.pkl',\n",
    "    '../features/other_model_lgb2.pkl',\n",
    "    '../features/other_model_lr2.pkl',\n",
    "    '../features/other_model_rf2.pkl',\n",
    "    '../features/other_model_xgb2.pkl',\n",
    "]\n",
    "\n",
    "import pandas as pd\n",
    "best_df = pd.read_csv(ens_file)\n",
    "best_df.head()"
   ]
  },
  {
   "cell_type": "code",
   "execution_count": 38,
   "metadata": {},
   "outputs": [],
   "source": [
    "other_res = []\n",
    "for f in other_files:\n",
    "    if f.endswith('csv'):\n",
    "        other_res.append(pd.read_csv(f).is_iceberg.values)\n",
    "    else:\n",
    "        with open(f,'rb') as fin:\n",
    "            a,b = pickle.load(fin)\n",
    "            other_res.append(b.flatten())\n",
    "    \n",
    "import numpy as np\n",
    "other_res = np.vstack(other_res).T"
   ]
  },
  {
   "cell_type": "code",
   "execution_count": 39,
   "metadata": {},
   "outputs": [
    {
     "data": {
      "text/html": [
       "<div>\n",
       "<style scoped>\n",
       "    .dataframe tbody tr th:only-of-type {\n",
       "        vertical-align: middle;\n",
       "    }\n",
       "\n",
       "    .dataframe tbody tr th {\n",
       "        vertical-align: top;\n",
       "    }\n",
       "\n",
       "    .dataframe thead th {\n",
       "        text-align: right;\n",
       "    }\n",
       "</style>\n",
       "<table border=\"1\" class=\"dataframe\">\n",
       "  <thead>\n",
       "    <tr style=\"text-align: right;\">\n",
       "      <th></th>\n",
       "      <th>a0</th>\n",
       "      <th>a1</th>\n",
       "      <th>a2</th>\n",
       "      <th>a3</th>\n",
       "      <th>a4</th>\n",
       "      <th>a5</th>\n",
       "      <th>a6</th>\n",
       "      <th>a7</th>\n",
       "      <th>a8</th>\n",
       "      <th>a9</th>\n",
       "      <th>a10</th>\n",
       "      <th>a11</th>\n",
       "      <th>a12</th>\n",
       "      <th>a13</th>\n",
       "      <th>base</th>\n",
       "    </tr>\n",
       "  </thead>\n",
       "  <tbody>\n",
       "    <tr>\n",
       "      <th>0</th>\n",
       "      <td>0.030369</td>\n",
       "      <td>0.195756</td>\n",
       "      <td>0.134401</td>\n",
       "      <td>0.144608</td>\n",
       "      <td>0.296872</td>\n",
       "      <td>0.093266</td>\n",
       "      <td>0.209001</td>\n",
       "      <td>0.038126</td>\n",
       "      <td>0.047048</td>\n",
       "      <td>0.125865</td>\n",
       "      <td>0.141511</td>\n",
       "      <td>1.430462e-02</td>\n",
       "      <td>0.389589</td>\n",
       "      <td>0.134683</td>\n",
       "      <td>0.024709</td>\n",
       "    </tr>\n",
       "    <tr>\n",
       "      <th>1</th>\n",
       "      <td>0.364333</td>\n",
       "      <td>0.986309</td>\n",
       "      <td>0.861850</td>\n",
       "      <td>0.919460</td>\n",
       "      <td>0.961062</td>\n",
       "      <td>0.963237</td>\n",
       "      <td>0.701245</td>\n",
       "      <td>0.899046</td>\n",
       "      <td>0.724682</td>\n",
       "      <td>0.646595</td>\n",
       "      <td>0.945121</td>\n",
       "      <td>1.000000e+00</td>\n",
       "      <td>0.664402</td>\n",
       "      <td>0.878118</td>\n",
       "      <td>0.937371</td>\n",
       "    </tr>\n",
       "    <tr>\n",
       "      <th>2</th>\n",
       "      <td>0.017298</td>\n",
       "      <td>0.936076</td>\n",
       "      <td>0.572117</td>\n",
       "      <td>0.543071</td>\n",
       "      <td>0.213261</td>\n",
       "      <td>0.185977</td>\n",
       "      <td>0.055742</td>\n",
       "      <td>0.327146</td>\n",
       "      <td>0.228813</td>\n",
       "      <td>0.562446</td>\n",
       "      <td>0.312999</td>\n",
       "      <td>7.389628e-38</td>\n",
       "      <td>0.378330</td>\n",
       "      <td>0.536110</td>\n",
       "      <td>0.073025</td>\n",
       "    </tr>\n",
       "    <tr>\n",
       "      <th>3</th>\n",
       "      <td>0.998199</td>\n",
       "      <td>0.998148</td>\n",
       "      <td>0.995843</td>\n",
       "      <td>0.996963</td>\n",
       "      <td>0.998587</td>\n",
       "      <td>0.999560</td>\n",
       "      <td>0.996637</td>\n",
       "      <td>0.973960</td>\n",
       "      <td>0.997117</td>\n",
       "      <td>0.994916</td>\n",
       "      <td>0.982090</td>\n",
       "      <td>9.992191e-01</td>\n",
       "      <td>0.942157</td>\n",
       "      <td>0.979548</td>\n",
       "      <td>0.997634</td>\n",
       "    </tr>\n",
       "    <tr>\n",
       "      <th>4</th>\n",
       "      <td>0.657598</td>\n",
       "      <td>0.800216</td>\n",
       "      <td>0.006921</td>\n",
       "      <td>0.064853</td>\n",
       "      <td>0.419967</td>\n",
       "      <td>0.466361</td>\n",
       "      <td>0.009555</td>\n",
       "      <td>0.401795</td>\n",
       "      <td>0.084673</td>\n",
       "      <td>0.899276</td>\n",
       "      <td>0.923296</td>\n",
       "      <td>1.000000e+00</td>\n",
       "      <td>0.689455</td>\n",
       "      <td>0.876706</td>\n",
       "      <td>0.038527</td>\n",
       "    </tr>\n",
       "  </tbody>\n",
       "</table>\n",
       "</div>"
      ],
      "text/plain": [
       "         a0        a1        a2        a3        a4        a5        a6  \\\n",
       "0  0.030369  0.195756  0.134401  0.144608  0.296872  0.093266  0.209001   \n",
       "1  0.364333  0.986309  0.861850  0.919460  0.961062  0.963237  0.701245   \n",
       "2  0.017298  0.936076  0.572117  0.543071  0.213261  0.185977  0.055742   \n",
       "3  0.998199  0.998148  0.995843  0.996963  0.998587  0.999560  0.996637   \n",
       "4  0.657598  0.800216  0.006921  0.064853  0.419967  0.466361  0.009555   \n",
       "\n",
       "         a7        a8        a9       a10           a11       a12       a13  \\\n",
       "0  0.038126  0.047048  0.125865  0.141511  1.430462e-02  0.389589  0.134683   \n",
       "1  0.899046  0.724682  0.646595  0.945121  1.000000e+00  0.664402  0.878118   \n",
       "2  0.327146  0.228813  0.562446  0.312999  7.389628e-38  0.378330  0.536110   \n",
       "3  0.973960  0.997117  0.994916  0.982090  9.992191e-01  0.942157  0.979548   \n",
       "4  0.401795  0.084673  0.899276  0.923296  1.000000e+00  0.689455  0.876706   \n",
       "\n",
       "       base  \n",
       "0  0.024709  \n",
       "1  0.937371  \n",
       "2  0.073025  \n",
       "3  0.997634  \n",
       "4  0.038527  "
      ]
     },
     "execution_count": 39,
     "metadata": {},
     "output_type": "execute_result"
    }
   ],
   "source": [
    "concat_df = pd.DataFrame(other_res,columns=['a{}'.format(i) for i in range(len(other_files))])\n",
    "concat_df['base'] = best_df.is_iceberg\n",
    "concat_df.head()"
   ]
  },
  {
   "cell_type": "code",
   "execution_count": 40,
   "metadata": {},
   "outputs": [
    {
     "data": {
      "text/html": [
       "<div>\n",
       "<style scoped>\n",
       "    .dataframe tbody tr th:only-of-type {\n",
       "        vertical-align: middle;\n",
       "    }\n",
       "\n",
       "    .dataframe tbody tr th {\n",
       "        vertical-align: top;\n",
       "    }\n",
       "\n",
       "    .dataframe thead th {\n",
       "        text-align: right;\n",
       "    }\n",
       "</style>\n",
       "<table border=\"1\" class=\"dataframe\">\n",
       "  <thead>\n",
       "    <tr style=\"text-align: right;\">\n",
       "      <th></th>\n",
       "      <th>a0</th>\n",
       "      <th>a1</th>\n",
       "      <th>a2</th>\n",
       "      <th>a3</th>\n",
       "      <th>a4</th>\n",
       "      <th>a5</th>\n",
       "      <th>a6</th>\n",
       "      <th>a7</th>\n",
       "      <th>a8</th>\n",
       "      <th>a9</th>\n",
       "      <th>a10</th>\n",
       "      <th>a11</th>\n",
       "      <th>a12</th>\n",
       "      <th>a13</th>\n",
       "      <th>base</th>\n",
       "    </tr>\n",
       "  </thead>\n",
       "  <tbody>\n",
       "    <tr>\n",
       "      <th>a0</th>\n",
       "      <td>1.000000</td>\n",
       "      <td>0.531075</td>\n",
       "      <td>0.687510</td>\n",
       "      <td>0.610146</td>\n",
       "      <td>0.677998</td>\n",
       "      <td>0.765519</td>\n",
       "      <td>0.734071</td>\n",
       "      <td>0.778208</td>\n",
       "      <td>0.743889</td>\n",
       "      <td>0.557971</td>\n",
       "      <td>0.534747</td>\n",
       "      <td>0.519477</td>\n",
       "      <td>0.646218</td>\n",
       "      <td>0.518119</td>\n",
       "      <td>0.784274</td>\n",
       "    </tr>\n",
       "    <tr>\n",
       "      <th>a1</th>\n",
       "      <td>0.531075</td>\n",
       "      <td>1.000000</td>\n",
       "      <td>0.805236</td>\n",
       "      <td>0.799597</td>\n",
       "      <td>0.762765</td>\n",
       "      <td>0.696394</td>\n",
       "      <td>0.586376</td>\n",
       "      <td>0.684978</td>\n",
       "      <td>0.730108</td>\n",
       "      <td>0.712897</td>\n",
       "      <td>0.795483</td>\n",
       "      <td>0.715013</td>\n",
       "      <td>0.806122</td>\n",
       "      <td>0.788570</td>\n",
       "      <td>0.695659</td>\n",
       "    </tr>\n",
       "    <tr>\n",
       "      <th>a2</th>\n",
       "      <td>0.687510</td>\n",
       "      <td>0.805236</td>\n",
       "      <td>1.000000</td>\n",
       "      <td>0.962575</td>\n",
       "      <td>0.887545</td>\n",
       "      <td>0.787986</td>\n",
       "      <td>0.768115</td>\n",
       "      <td>0.825611</td>\n",
       "      <td>0.888263</td>\n",
       "      <td>0.718179</td>\n",
       "      <td>0.751659</td>\n",
       "      <td>0.621216</td>\n",
       "      <td>0.757281</td>\n",
       "      <td>0.745628</td>\n",
       "      <td>0.886856</td>\n",
       "    </tr>\n",
       "    <tr>\n",
       "      <th>a3</th>\n",
       "      <td>0.610146</td>\n",
       "      <td>0.799597</td>\n",
       "      <td>0.962575</td>\n",
       "      <td>1.000000</td>\n",
       "      <td>0.866912</td>\n",
       "      <td>0.715269</td>\n",
       "      <td>0.707056</td>\n",
       "      <td>0.760176</td>\n",
       "      <td>0.854904</td>\n",
       "      <td>0.706119</td>\n",
       "      <td>0.737775</td>\n",
       "      <td>0.577931</td>\n",
       "      <td>0.726991</td>\n",
       "      <td>0.739412</td>\n",
       "      <td>0.836734</td>\n",
       "    </tr>\n",
       "    <tr>\n",
       "      <th>a4</th>\n",
       "      <td>0.677998</td>\n",
       "      <td>0.762765</td>\n",
       "      <td>0.887545</td>\n",
       "      <td>0.866912</td>\n",
       "      <td>1.000000</td>\n",
       "      <td>0.842154</td>\n",
       "      <td>0.805658</td>\n",
       "      <td>0.843053</td>\n",
       "      <td>0.800732</td>\n",
       "      <td>0.684449</td>\n",
       "      <td>0.742016</td>\n",
       "      <td>0.680534</td>\n",
       "      <td>0.760602</td>\n",
       "      <td>0.720878</td>\n",
       "      <td>0.885923</td>\n",
       "    </tr>\n",
       "    <tr>\n",
       "      <th>a5</th>\n",
       "      <td>0.765519</td>\n",
       "      <td>0.696394</td>\n",
       "      <td>0.787986</td>\n",
       "      <td>0.715269</td>\n",
       "      <td>0.842154</td>\n",
       "      <td>1.000000</td>\n",
       "      <td>0.922659</td>\n",
       "      <td>0.947634</td>\n",
       "      <td>0.734770</td>\n",
       "      <td>0.611294</td>\n",
       "      <td>0.650376</td>\n",
       "      <td>0.690432</td>\n",
       "      <td>0.738159</td>\n",
       "      <td>0.625591</td>\n",
       "      <td>0.844396</td>\n",
       "    </tr>\n",
       "    <tr>\n",
       "      <th>a6</th>\n",
       "      <td>0.734071</td>\n",
       "      <td>0.586376</td>\n",
       "      <td>0.768115</td>\n",
       "      <td>0.707056</td>\n",
       "      <td>0.805658</td>\n",
       "      <td>0.922659</td>\n",
       "      <td>1.000000</td>\n",
       "      <td>0.929019</td>\n",
       "      <td>0.694257</td>\n",
       "      <td>0.580110</td>\n",
       "      <td>0.582144</td>\n",
       "      <td>0.601753</td>\n",
       "      <td>0.672472</td>\n",
       "      <td>0.573842</td>\n",
       "      <td>0.811269</td>\n",
       "    </tr>\n",
       "    <tr>\n",
       "      <th>a7</th>\n",
       "      <td>0.778208</td>\n",
       "      <td>0.684978</td>\n",
       "      <td>0.825611</td>\n",
       "      <td>0.760176</td>\n",
       "      <td>0.843053</td>\n",
       "      <td>0.947634</td>\n",
       "      <td>0.929019</td>\n",
       "      <td>1.000000</td>\n",
       "      <td>0.769097</td>\n",
       "      <td>0.621297</td>\n",
       "      <td>0.647414</td>\n",
       "      <td>0.648616</td>\n",
       "      <td>0.734875</td>\n",
       "      <td>0.625761</td>\n",
       "      <td>0.863573</td>\n",
       "    </tr>\n",
       "    <tr>\n",
       "      <th>a8</th>\n",
       "      <td>0.743889</td>\n",
       "      <td>0.730108</td>\n",
       "      <td>0.888263</td>\n",
       "      <td>0.854904</td>\n",
       "      <td>0.800732</td>\n",
       "      <td>0.734770</td>\n",
       "      <td>0.694257</td>\n",
       "      <td>0.769097</td>\n",
       "      <td>1.000000</td>\n",
       "      <td>0.642495</td>\n",
       "      <td>0.659422</td>\n",
       "      <td>0.543989</td>\n",
       "      <td>0.706487</td>\n",
       "      <td>0.650344</td>\n",
       "      <td>0.843925</td>\n",
       "    </tr>\n",
       "    <tr>\n",
       "      <th>a9</th>\n",
       "      <td>0.557971</td>\n",
       "      <td>0.712897</td>\n",
       "      <td>0.718179</td>\n",
       "      <td>0.706119</td>\n",
       "      <td>0.684449</td>\n",
       "      <td>0.611294</td>\n",
       "      <td>0.580110</td>\n",
       "      <td>0.621297</td>\n",
       "      <td>0.642495</td>\n",
       "      <td>1.000000</td>\n",
       "      <td>0.906386</td>\n",
       "      <td>0.703034</td>\n",
       "      <td>0.849713</td>\n",
       "      <td>0.937020</td>\n",
       "      <td>0.731615</td>\n",
       "    </tr>\n",
       "    <tr>\n",
       "      <th>a10</th>\n",
       "      <td>0.534747</td>\n",
       "      <td>0.795483</td>\n",
       "      <td>0.751659</td>\n",
       "      <td>0.737775</td>\n",
       "      <td>0.742016</td>\n",
       "      <td>0.650376</td>\n",
       "      <td>0.582144</td>\n",
       "      <td>0.647414</td>\n",
       "      <td>0.659422</td>\n",
       "      <td>0.906386</td>\n",
       "      <td>1.000000</td>\n",
       "      <td>0.805296</td>\n",
       "      <td>0.910549</td>\n",
       "      <td>0.982301</td>\n",
       "      <td>0.728006</td>\n",
       "    </tr>\n",
       "    <tr>\n",
       "      <th>a11</th>\n",
       "      <td>0.519477</td>\n",
       "      <td>0.715013</td>\n",
       "      <td>0.621216</td>\n",
       "      <td>0.577931</td>\n",
       "      <td>0.680534</td>\n",
       "      <td>0.690432</td>\n",
       "      <td>0.601753</td>\n",
       "      <td>0.648616</td>\n",
       "      <td>0.543989</td>\n",
       "      <td>0.703034</td>\n",
       "      <td>0.805296</td>\n",
       "      <td>1.000000</td>\n",
       "      <td>0.802869</td>\n",
       "      <td>0.777537</td>\n",
       "      <td>0.650455</td>\n",
       "    </tr>\n",
       "    <tr>\n",
       "      <th>a12</th>\n",
       "      <td>0.646218</td>\n",
       "      <td>0.806122</td>\n",
       "      <td>0.757281</td>\n",
       "      <td>0.726991</td>\n",
       "      <td>0.760602</td>\n",
       "      <td>0.738159</td>\n",
       "      <td>0.672472</td>\n",
       "      <td>0.734875</td>\n",
       "      <td>0.706487</td>\n",
       "      <td>0.849713</td>\n",
       "      <td>0.910549</td>\n",
       "      <td>0.802869</td>\n",
       "      <td>1.000000</td>\n",
       "      <td>0.902301</td>\n",
       "      <td>0.762737</td>\n",
       "    </tr>\n",
       "    <tr>\n",
       "      <th>a13</th>\n",
       "      <td>0.518119</td>\n",
       "      <td>0.788570</td>\n",
       "      <td>0.745628</td>\n",
       "      <td>0.739412</td>\n",
       "      <td>0.720878</td>\n",
       "      <td>0.625591</td>\n",
       "      <td>0.573842</td>\n",
       "      <td>0.625761</td>\n",
       "      <td>0.650344</td>\n",
       "      <td>0.937020</td>\n",
       "      <td>0.982301</td>\n",
       "      <td>0.777537</td>\n",
       "      <td>0.902301</td>\n",
       "      <td>1.000000</td>\n",
       "      <td>0.714079</td>\n",
       "    </tr>\n",
       "    <tr>\n",
       "      <th>base</th>\n",
       "      <td>0.784274</td>\n",
       "      <td>0.695659</td>\n",
       "      <td>0.886856</td>\n",
       "      <td>0.836734</td>\n",
       "      <td>0.885923</td>\n",
       "      <td>0.844396</td>\n",
       "      <td>0.811269</td>\n",
       "      <td>0.863573</td>\n",
       "      <td>0.843925</td>\n",
       "      <td>0.731615</td>\n",
       "      <td>0.728006</td>\n",
       "      <td>0.650455</td>\n",
       "      <td>0.762737</td>\n",
       "      <td>0.714079</td>\n",
       "      <td>1.000000</td>\n",
       "    </tr>\n",
       "  </tbody>\n",
       "</table>\n",
       "</div>"
      ],
      "text/plain": [
       "            a0        a1        a2        a3        a4        a5        a6  \\\n",
       "a0    1.000000  0.531075  0.687510  0.610146  0.677998  0.765519  0.734071   \n",
       "a1    0.531075  1.000000  0.805236  0.799597  0.762765  0.696394  0.586376   \n",
       "a2    0.687510  0.805236  1.000000  0.962575  0.887545  0.787986  0.768115   \n",
       "a3    0.610146  0.799597  0.962575  1.000000  0.866912  0.715269  0.707056   \n",
       "a4    0.677998  0.762765  0.887545  0.866912  1.000000  0.842154  0.805658   \n",
       "a5    0.765519  0.696394  0.787986  0.715269  0.842154  1.000000  0.922659   \n",
       "a6    0.734071  0.586376  0.768115  0.707056  0.805658  0.922659  1.000000   \n",
       "a7    0.778208  0.684978  0.825611  0.760176  0.843053  0.947634  0.929019   \n",
       "a8    0.743889  0.730108  0.888263  0.854904  0.800732  0.734770  0.694257   \n",
       "a9    0.557971  0.712897  0.718179  0.706119  0.684449  0.611294  0.580110   \n",
       "a10   0.534747  0.795483  0.751659  0.737775  0.742016  0.650376  0.582144   \n",
       "a11   0.519477  0.715013  0.621216  0.577931  0.680534  0.690432  0.601753   \n",
       "a12   0.646218  0.806122  0.757281  0.726991  0.760602  0.738159  0.672472   \n",
       "a13   0.518119  0.788570  0.745628  0.739412  0.720878  0.625591  0.573842   \n",
       "base  0.784274  0.695659  0.886856  0.836734  0.885923  0.844396  0.811269   \n",
       "\n",
       "            a7        a8        a9       a10       a11       a12       a13  \\\n",
       "a0    0.778208  0.743889  0.557971  0.534747  0.519477  0.646218  0.518119   \n",
       "a1    0.684978  0.730108  0.712897  0.795483  0.715013  0.806122  0.788570   \n",
       "a2    0.825611  0.888263  0.718179  0.751659  0.621216  0.757281  0.745628   \n",
       "a3    0.760176  0.854904  0.706119  0.737775  0.577931  0.726991  0.739412   \n",
       "a4    0.843053  0.800732  0.684449  0.742016  0.680534  0.760602  0.720878   \n",
       "a5    0.947634  0.734770  0.611294  0.650376  0.690432  0.738159  0.625591   \n",
       "a6    0.929019  0.694257  0.580110  0.582144  0.601753  0.672472  0.573842   \n",
       "a7    1.000000  0.769097  0.621297  0.647414  0.648616  0.734875  0.625761   \n",
       "a8    0.769097  1.000000  0.642495  0.659422  0.543989  0.706487  0.650344   \n",
       "a9    0.621297  0.642495  1.000000  0.906386  0.703034  0.849713  0.937020   \n",
       "a10   0.647414  0.659422  0.906386  1.000000  0.805296  0.910549  0.982301   \n",
       "a11   0.648616  0.543989  0.703034  0.805296  1.000000  0.802869  0.777537   \n",
       "a12   0.734875  0.706487  0.849713  0.910549  0.802869  1.000000  0.902301   \n",
       "a13   0.625761  0.650344  0.937020  0.982301  0.777537  0.902301  1.000000   \n",
       "base  0.863573  0.843925  0.731615  0.728006  0.650455  0.762737  0.714079   \n",
       "\n",
       "          base  \n",
       "a0    0.784274  \n",
       "a1    0.695659  \n",
       "a2    0.886856  \n",
       "a3    0.836734  \n",
       "a4    0.885923  \n",
       "a5    0.844396  \n",
       "a6    0.811269  \n",
       "a7    0.863573  \n",
       "a8    0.843925  \n",
       "a9    0.731615  \n",
       "a10   0.728006  \n",
       "a11   0.650455  \n",
       "a12   0.762737  \n",
       "a13   0.714079  \n",
       "base  1.000000  "
      ]
     },
     "execution_count": 40,
     "metadata": {},
     "output_type": "execute_result"
    }
   ],
   "source": [
    "concat_df.corr()"
   ]
  },
  {
   "cell_type": "code",
   "execution_count": 41,
   "metadata": {},
   "outputs": [
    {
     "data": {
      "text/plain": [
       "a0      0.672615\n",
       "a1      0.740685\n",
       "a2      0.806244\n",
       "a3      0.773440\n",
       "a4      0.797415\n",
       "a5      0.771509\n",
       "a6      0.731253\n",
       "a7      0.778621\n",
       "a8      0.750846\n",
       "a9      0.730839\n",
       "a10     0.762238\n",
       "a11     0.689210\n",
       "a12     0.785158\n",
       "a13     0.753426\n",
       "base    0.802633\n",
       "dtype: float64"
      ]
     },
     "execution_count": 41,
     "metadata": {},
     "output_type": "execute_result"
    }
   ],
   "source": [
    "concat_df.corr().mean()\n",
    "\n",
    "# a0      0.640213\n",
    "# a1      0.775139\n",
    "# a2      0.752027\n",
    "# a3      0.775800\n",
    "# a4      0.794752\n",
    "# a5      0.766002\n",
    "# a6      0.741070\n",
    "# a7      0.785623\n",
    "# a8      0.770391\n",
    "# a9      0.744807\n",
    "# a10     0.761894\n",
    "# a11     0.697090\n",
    "# a12     0.763554\n",
    "# a13     0.766731\n",
    "# base    0.641168\n",
    "# dtype: float64\n",
    "# choose a0,a2,a6,a9,others 1, score 1322\n",
    "# use all , other 2nd version, score 1316"
   ]
  },
  {
   "cell_type": "code",
   "execution_count": 42,
   "metadata": {},
   "outputs": [
    {
     "name": "stdout",
     "output_type": "stream",
     "text": [
      "(8424, 14)\n",
      "[ 0.13454209  0.88858225  0.32007252  0.99679967  0.56197927]\n",
      "[ 0.14252839  0.82253296  0.34781326  0.98949601  0.52147653]\n"
     ]
    }
   ],
   "source": [
    "\n",
    "print(other_res.shape)\n",
    "other_median = np.median(other_res,axis=1)\n",
    "print(other_median[:5])\n",
    "other_mean = np.mean(other_res,axis=1)\n",
    "print(other_mean[:5])"
   ]
  },
  {
   "cell_type": "code",
   "execution_count": 43,
   "metadata": {},
   "outputs": [
    {
     "data": {
      "text/html": [
       "<div>\n",
       "<style scoped>\n",
       "    .dataframe tbody tr th:only-of-type {\n",
       "        vertical-align: middle;\n",
       "    }\n",
       "\n",
       "    .dataframe tbody tr th {\n",
       "        vertical-align: top;\n",
       "    }\n",
       "\n",
       "    .dataframe thead th {\n",
       "        text-align: right;\n",
       "    }\n",
       "</style>\n",
       "<table border=\"1\" class=\"dataframe\">\n",
       "  <thead>\n",
       "    <tr style=\"text-align: right;\">\n",
       "      <th></th>\n",
       "      <th>a0</th>\n",
       "      <th>a1</th>\n",
       "      <th>a2</th>\n",
       "      <th>a3</th>\n",
       "      <th>a4</th>\n",
       "      <th>a5</th>\n",
       "      <th>a6</th>\n",
       "      <th>a7</th>\n",
       "      <th>a8</th>\n",
       "      <th>a9</th>\n",
       "      <th>a10</th>\n",
       "      <th>a11</th>\n",
       "      <th>a12</th>\n",
       "      <th>a13</th>\n",
       "      <th>base</th>\n",
       "      <th>is_iceberg_base</th>\n",
       "      <th>is_iceberg_max</th>\n",
       "      <th>is_iceberg_min</th>\n",
       "      <th>is_iceberg_mean</th>\n",
       "      <th>is_iceberg_median</th>\n",
       "    </tr>\n",
       "  </thead>\n",
       "  <tbody>\n",
       "    <tr>\n",
       "      <th>0</th>\n",
       "      <td>0.030369</td>\n",
       "      <td>0.195756</td>\n",
       "      <td>0.134401</td>\n",
       "      <td>0.144608</td>\n",
       "      <td>0.296872</td>\n",
       "      <td>0.093266</td>\n",
       "      <td>0.209001</td>\n",
       "      <td>0.038126</td>\n",
       "      <td>0.047048</td>\n",
       "      <td>0.125865</td>\n",
       "      <td>0.141511</td>\n",
       "      <td>1.430462e-02</td>\n",
       "      <td>0.389589</td>\n",
       "      <td>0.134683</td>\n",
       "      <td>0.024709</td>\n",
       "      <td>0.024709</td>\n",
       "      <td>0.389589</td>\n",
       "      <td>1.430462e-02</td>\n",
       "      <td>0.134674</td>\n",
       "      <td>0.134401</td>\n",
       "    </tr>\n",
       "    <tr>\n",
       "      <th>1</th>\n",
       "      <td>0.364333</td>\n",
       "      <td>0.986309</td>\n",
       "      <td>0.861850</td>\n",
       "      <td>0.919460</td>\n",
       "      <td>0.961062</td>\n",
       "      <td>0.963237</td>\n",
       "      <td>0.701245</td>\n",
       "      <td>0.899046</td>\n",
       "      <td>0.724682</td>\n",
       "      <td>0.646595</td>\n",
       "      <td>0.945121</td>\n",
       "      <td>1.000000e+00</td>\n",
       "      <td>0.664402</td>\n",
       "      <td>0.878118</td>\n",
       "      <td>0.937371</td>\n",
       "      <td>0.937371</td>\n",
       "      <td>1.000000</td>\n",
       "      <td>3.643330e-01</td>\n",
       "      <td>0.830189</td>\n",
       "      <td>0.899046</td>\n",
       "    </tr>\n",
       "    <tr>\n",
       "      <th>2</th>\n",
       "      <td>0.017298</td>\n",
       "      <td>0.936076</td>\n",
       "      <td>0.572117</td>\n",
       "      <td>0.543071</td>\n",
       "      <td>0.213261</td>\n",
       "      <td>0.185977</td>\n",
       "      <td>0.055742</td>\n",
       "      <td>0.327146</td>\n",
       "      <td>0.228813</td>\n",
       "      <td>0.562446</td>\n",
       "      <td>0.312999</td>\n",
       "      <td>7.389628e-38</td>\n",
       "      <td>0.378330</td>\n",
       "      <td>0.536110</td>\n",
       "      <td>0.073025</td>\n",
       "      <td>0.073025</td>\n",
       "      <td>0.936076</td>\n",
       "      <td>7.389628e-38</td>\n",
       "      <td>0.329494</td>\n",
       "      <td>0.312999</td>\n",
       "    </tr>\n",
       "    <tr>\n",
       "      <th>3</th>\n",
       "      <td>0.998199</td>\n",
       "      <td>0.998148</td>\n",
       "      <td>0.995843</td>\n",
       "      <td>0.996963</td>\n",
       "      <td>0.998587</td>\n",
       "      <td>0.999560</td>\n",
       "      <td>0.996637</td>\n",
       "      <td>0.973960</td>\n",
       "      <td>0.997117</td>\n",
       "      <td>0.994916</td>\n",
       "      <td>0.982090</td>\n",
       "      <td>9.992191e-01</td>\n",
       "      <td>0.942157</td>\n",
       "      <td>0.979548</td>\n",
       "      <td>0.997634</td>\n",
       "      <td>0.997634</td>\n",
       "      <td>0.999560</td>\n",
       "      <td>9.421567e-01</td>\n",
       "      <td>0.990039</td>\n",
       "      <td>0.996963</td>\n",
       "    </tr>\n",
       "    <tr>\n",
       "      <th>4</th>\n",
       "      <td>0.657598</td>\n",
       "      <td>0.800216</td>\n",
       "      <td>0.006921</td>\n",
       "      <td>0.064853</td>\n",
       "      <td>0.419967</td>\n",
       "      <td>0.466361</td>\n",
       "      <td>0.009555</td>\n",
       "      <td>0.401795</td>\n",
       "      <td>0.084673</td>\n",
       "      <td>0.899276</td>\n",
       "      <td>0.923296</td>\n",
       "      <td>1.000000e+00</td>\n",
       "      <td>0.689455</td>\n",
       "      <td>0.876706</td>\n",
       "      <td>0.038527</td>\n",
       "      <td>0.038527</td>\n",
       "      <td>1.000000</td>\n",
       "      <td>6.920645e-03</td>\n",
       "      <td>0.489280</td>\n",
       "      <td>0.466361</td>\n",
       "    </tr>\n",
       "  </tbody>\n",
       "</table>\n",
       "</div>"
      ],
      "text/plain": [
       "         a0        a1        a2        a3        a4        a5        a6  \\\n",
       "0  0.030369  0.195756  0.134401  0.144608  0.296872  0.093266  0.209001   \n",
       "1  0.364333  0.986309  0.861850  0.919460  0.961062  0.963237  0.701245   \n",
       "2  0.017298  0.936076  0.572117  0.543071  0.213261  0.185977  0.055742   \n",
       "3  0.998199  0.998148  0.995843  0.996963  0.998587  0.999560  0.996637   \n",
       "4  0.657598  0.800216  0.006921  0.064853  0.419967  0.466361  0.009555   \n",
       "\n",
       "         a7        a8        a9       a10           a11       a12       a13  \\\n",
       "0  0.038126  0.047048  0.125865  0.141511  1.430462e-02  0.389589  0.134683   \n",
       "1  0.899046  0.724682  0.646595  0.945121  1.000000e+00  0.664402  0.878118   \n",
       "2  0.327146  0.228813  0.562446  0.312999  7.389628e-38  0.378330  0.536110   \n",
       "3  0.973960  0.997117  0.994916  0.982090  9.992191e-01  0.942157  0.979548   \n",
       "4  0.401795  0.084673  0.899276  0.923296  1.000000e+00  0.689455  0.876706   \n",
       "\n",
       "       base  is_iceberg_base  is_iceberg_max  is_iceberg_min  is_iceberg_mean  \\\n",
       "0  0.024709         0.024709        0.389589    1.430462e-02         0.134674   \n",
       "1  0.937371         0.937371        1.000000    3.643330e-01         0.830189   \n",
       "2  0.073025         0.073025        0.936076    7.389628e-38         0.329494   \n",
       "3  0.997634         0.997634        0.999560    9.421567e-01         0.990039   \n",
       "4  0.038527         0.038527        1.000000    6.920645e-03         0.489280   \n",
       "\n",
       "   is_iceberg_median  \n",
       "0           0.134401  \n",
       "1           0.899046  \n",
       "2           0.312999  \n",
       "3           0.996963  \n",
       "4           0.466361  "
      ]
     },
     "execution_count": 43,
     "metadata": {},
     "output_type": "execute_result"
    }
   ],
   "source": [
    "concat_sub = concat_df.copy()\n",
    "concat_sub['is_iceberg_base'] = best_df['is_iceberg']\n",
    "all_files_cnt = len(other_files)+1\n",
    "concat_sub['is_iceberg_max'] = concat_sub.iloc[:, 0:all_files_cnt].max(axis=1)\n",
    "concat_sub['is_iceberg_min'] = concat_sub.iloc[:, 0:all_files_cnt].min(axis=1)\n",
    "concat_sub['is_iceberg_mean'] = concat_sub.iloc[:, 0:all_files_cnt].mean(axis=1)\n",
    "concat_sub['is_iceberg_median'] = concat_sub.iloc[:, 0:all_files_cnt].median(axis=1)\n",
    "\n",
    "concat_sub.head()"
   ]
  },
  {
   "cell_type": "code",
   "execution_count": 44,
   "metadata": {},
   "outputs": [
    {
     "data": {
      "text/html": [
       "<div>\n",
       "<style scoped>\n",
       "    .dataframe tbody tr th:only-of-type {\n",
       "        vertical-align: middle;\n",
       "    }\n",
       "\n",
       "    .dataframe tbody tr th {\n",
       "        vertical-align: top;\n",
       "    }\n",
       "\n",
       "    .dataframe thead th {\n",
       "        text-align: right;\n",
       "    }\n",
       "</style>\n",
       "<table border=\"1\" class=\"dataframe\">\n",
       "  <thead>\n",
       "    <tr style=\"text-align: right;\">\n",
       "      <th></th>\n",
       "      <th>id</th>\n",
       "      <th>is_iceberg</th>\n",
       "    </tr>\n",
       "  </thead>\n",
       "  <tbody>\n",
       "    <tr>\n",
       "      <th>0</th>\n",
       "      <td>5941774d</td>\n",
       "      <td>0.024709</td>\n",
       "    </tr>\n",
       "    <tr>\n",
       "      <th>1</th>\n",
       "      <td>4023181e</td>\n",
       "      <td>0.937371</td>\n",
       "    </tr>\n",
       "    <tr>\n",
       "      <th>2</th>\n",
       "      <td>b20200e4</td>\n",
       "      <td>0.073025</td>\n",
       "    </tr>\n",
       "    <tr>\n",
       "      <th>3</th>\n",
       "      <td>e7f018bb</td>\n",
       "      <td>0.999560</td>\n",
       "    </tr>\n",
       "    <tr>\n",
       "      <th>4</th>\n",
       "      <td>4371c8c3</td>\n",
       "      <td>0.038527</td>\n",
       "    </tr>\n",
       "    <tr>\n",
       "      <th>5</th>\n",
       "      <td>a8d9b1fd</td>\n",
       "      <td>0.159981</td>\n",
       "    </tr>\n",
       "    <tr>\n",
       "      <th>6</th>\n",
       "      <td>29e7727e</td>\n",
       "      <td>0.000295</td>\n",
       "    </tr>\n",
       "    <tr>\n",
       "      <th>7</th>\n",
       "      <td>92a51ffb</td>\n",
       "      <td>0.999946</td>\n",
       "    </tr>\n",
       "    <tr>\n",
       "      <th>8</th>\n",
       "      <td>c769ac97</td>\n",
       "      <td>0.000010</td>\n",
       "    </tr>\n",
       "    <tr>\n",
       "      <th>9</th>\n",
       "      <td>aee0547d</td>\n",
       "      <td>0.000010</td>\n",
       "    </tr>\n",
       "  </tbody>\n",
       "</table>\n",
       "</div>"
      ],
      "text/plain": [
       "         id  is_iceberg\n",
       "0  5941774d    0.024709\n",
       "1  4023181e    0.937371\n",
       "2  b20200e4    0.073025\n",
       "3  e7f018bb    0.999560\n",
       "4  4371c8c3    0.038527\n",
       "5  a8d9b1fd    0.159981\n",
       "6  29e7727e    0.000295\n",
       "7  92a51ffb    0.999946\n",
       "8  c769ac97    0.000010\n",
       "9  aee0547d    0.000010"
      ]
     },
     "execution_count": 44,
     "metadata": {},
     "output_type": "execute_result"
    }
   ],
   "source": [
    "cutoff_lo = 0.8\n",
    "cutoff_hi = 0.2\n",
    "concat_sub['is_iceberg'] = np.where(np.all(concat_sub.iloc[:,0:all_files_cnt] > cutoff_lo, axis=1), \n",
    "                                    concat_sub['is_iceberg_max'], \n",
    "                                    np.where(np.all(concat_sub.iloc[:,0:all_files_cnt] < cutoff_hi, axis=1),\n",
    "                                             concat_sub['is_iceberg_min'], \n",
    "                                             concat_sub['is_iceberg_base']))\n",
    "concat_sub['is_iceberg'] = np.clip(concat_sub['is_iceberg'].values, 0.00001, 0.99999)\n",
    "concat_sub['id'] = best_df['id']\n",
    "concat_sub[['id', 'is_iceberg']].to_csv('stack_minmax_bestbase5.csv', \n",
    "                                        index=False)\n",
    "\n",
    "concat_sub[['id', 'is_iceberg']].head(10)"
   ]
  },
  {
   "cell_type": "code",
   "execution_count": 45,
   "metadata": {},
   "outputs": [
    {
     "name": "stdout",
     "output_type": "stream",
     "text": [
      "<class 'pandas.core.series.Series'>\n",
      "(1677,)\n",
      "0.406175486238\n"
     ]
    }
   ],
   "source": [
    "diff_res = concat_sub['is_iceberg']-concat_sub['base']\n",
    "print(type(diff_res))\n",
    "cnt = np.where(diff_res!=0)\n",
    "print(cnt[0].shape)\n",
    "print(concat_sub['is_iceberg'].std())"
   ]
  }
 ],
 "metadata": {
  "kernelspec": {
   "display_name": "Python 3",
   "language": "python",
   "name": "python3"
  },
  "language_info": {
   "codemirror_mode": {
    "name": "ipython",
    "version": 3
   },
   "file_extension": ".py",
   "mimetype": "text/x-python",
   "name": "python",
   "nbconvert_exporter": "python",
   "pygments_lexer": "ipython3",
   "version": "3.5.2"
  }
 },
 "nbformat": 4,
 "nbformat_minor": 2
}
